3968903
94381900
19903688
88914889
95467474
56684942
85927362
33584115
131616640
97562254
67520733
39651425
107263603
8654270
131979962
78753008
137525737
61433515
1263222
115882415
66105259
48030790
107756212
82526047
87241107
87167952
139053525
128015558
77289478
66728480
76602779
35630661
91420616
66501229
23327412
49694388
11923551
106870087
104217866
42616649
24360855
101766944
101381282
31426967
77101159
68957530
79909754
101655533
94711386
35096235
60417508
55319825
80437610
106713996
109138883
107127065
101630030
20378079
1830116
80625289
25248545
31402832
86705882
68818646
31628509
13434779
115402283
103805287
3319920
135985356
123997350
50835944
16099016
139145404
65052408
29971152
134490066
121948849
119275968
111951468
104830319
100291944
77265181
77168070
61569612
52216623
12558360
2871806
2285236
2284685
125334769
111954219
111951227
83890324
18010805
126573760
96315880
91443272
67088071
138325590
138162870
133659546
132526678
128367826
111590555
108137335
107747609
109000524
62768852
92284983
86621407
86110175
66756765
65051803
45069482
37809496
17445934
12819221
94381900
96552114
95467474
51286152
111595816
87083387
50548877
30849766
137620841
108320722
106277703
53389232
23097737
53954262
7333022
31337388
36695161
137615123
98672413
12791509
120968922
50318540
50789187
37708858
111269175
133404054
42616649
126413698
23095052
122845222
32648595
1194131
9383382
92310915
16167886
125853272
99803878
76614205
128078706
76667216
49791683
32649146
39448753
75677924
37915648
77759618
138477427
17879604
934182
35659980
55556772
21028579
139145404
108128291
67244777
16168320
99257637
133740605
62674477
137754449
137160961
131959516
109000500
39448748
16168430
16168379
138162870
133355482
114534344
112451717
108114283
97851134
65274846
30584653
16167843
81471320
51664057
37824101
25292242
94752566
75664078
67125059
58599007
50472381
16167989
16167948
16141707
11900946
10157529
2319
48921
98127626
89378343
34199408
28685100
124178633
85921551
57419855
61968
8349115
1812808
122198937
46005905
15758788
34765683
52405679
85927362
9769900
15053413
68797516
52069512
71229986
8018493
92906397
30295524
13962857
75355324
72545635
101640591
108877455
122980521
77182598
90517792
112236341
80230319
35190289
34312359
124023938
76678111
127976515
98511524
103287603
36007497
1768656
38636505
129996686
133299209
77234783
17393039
37911548
58585465
92048900
120654525
118603174
8391881
128921293
120301928
66105259
29734856
82003429
100094376
78767346
10140802
3316841
30624851
95248504
1866461
10196910
1145857
96658573
114255068
18215552
57636083
111626955
11450426
57210942
29901965
12493657
30022604
54371038
77619323
65465672
67529574
18419619
127207998
44244923
101942759
73306216
48039164
76485424
77459216
128853237
108205744
34356448
74007372
49991212
29923627
114988432
76626049
109729888
79320199
44793004
20136237
76592121
42529911
76366743
48282947
92967596
49918077
77895294
21400127
1620425
121672541
76494495
15703042
16863012
112196061
76570250
78278310
128227567
30056228
12850874
101399902
76487352
9842347
76543089
62766995
103387177
23171126
101789980
90351123
129631120
31693416
128735201
129106218
60415775
48069199
49420426
129693980
89480693
11912711
69713605
42706412
101847468
101374368
60197479
45642266
77677581
77540820
30266280
106385848
102124150
97535503
91420616
130743393
77990675
29747290
68669187
23327412
128790165
21028838
85674279
49694388
11923551
106870087
57885855
77488000
68586190
78774986
59775718
16510019
104214540
95506296
30175148
24068743
101410415
103327564
58616043
48659388
14982758
13885031
12824061
105099585
29899833
75943142
101863853
76964889
127853788
30275607
16106218
101268716
94502393
128081087
1269888
77711534
57975398
63059871
58292493
1501144
32234998
25716931
77179390
77405223
76374239
29984740
103428922
62651570
116633511
107931924
16675110
44097128
114898004
55485348
108612035
127871026
103402892
58516699
29997651
93703678
72709401
117865554
104272880
103738591
60147056
132125285
76630021
50014669
107707664
103020758
73571342
35386829
132544237
128509075
112175829
104410070
82738424
108421506
101630030
36208511
128228478
101804851
56667227
15690274
3280035
77505902
30239933
51360509
78320881
70740391
48740857
36055434
80026428
68374079
1370857
79433657
52405379
76849452
67997049
59619063
29694495
23916665
130804553
70695067
44022914
25644201
9376586
86380429
31512403
24057453
107257195
46221588
15702894
82055746
76107442
35046138
27576166
9317490
2324586
30284180
108108378
103805287
80080215
72631251
58899084
55207508
24801235
131918236
124311832
3186087
89010523
71272863
60126997
58591726
49883811
46178861
46606227
11952522
137539928
135510462
132370254
121620160
103917994
94878398
59793343
46261868
28558137
24778788
122576839
85248455
50857007
11435008
35767703
14667884
8568879
139549939
139549924
138860680
135314018
134107929
132809640
131008530
123742994
120662834
120001522
119750117
119750082
119750056
104743940
104740221
119750021
104714954
99912461
87028891
75484833
70594812
67662796
59914551
58896842
54194453
14143458
13176426
7649710
135293089
129226400
120831198
120724584
115297510
114061743
108147523
106701713
101869150
100674343
84596947
69679766
46911674
28416960
25432906
24514548
134800969
130499344
128934818
120562091
108136251
108128804
104009980
94728851
80750676
102710876
74235731
66980942
63729046
62178212
60513466
60084513
30183182
122627182
139655876
137174248
132195186
129143841
122147391
115458587
115454402
108114283
107747609
103020249
102862262
99054011
57009063
55258732
49992036
13419368
130945335
123691197
108109140
99552120
73776449
35679909
111957503
63729334
27745332
73772030
108193851
86110200
73393739
60390793
59708360
55960191
50825366
48508091
48108725
48068382
46261921
30234126
29924776
29922962
29922525
29848738
24151977
22605657
22055940
18026918
15584121
10217801
1937408
51760813
8698108
86835741
60094479
66118053
126855022
37899423
74292547
133276049
49138099
58518616
62339014
123309807
103654030
94088956
34748434
115140437
80167393
62339408
137849742
69896723
35970294
21032909
104071393
17998320
37545080
62645558
86345514
114393630
139549686
130362513
99895535
84841987
39236724
129272604
139243549
75107782
62645478
19252145
